Pair   |   TWindow   |   HitTime   |   Energy
2   |   94   |   -6.94481e+06   |   250.133
2   |   96   |   -6.94186e+06   |   248.034
4   |   109   |   -3.50427e+07   |   196.758
4   |   111   |   -3.50467e+07   |   99.8392
6   |   867   |   -3.26875e+07   |   298.132
6   |   869   |   -3.26884e+07   |   91.9567
8   |   947   |   -3.06992e+07   |   150.408
8   |   949   |   -3.06973e+07   |   177.385
10   |   1116   |   -1.73655e+07   |   206.711
10   |   1118   |   -1.73605e+07   |   43.7484
12   |   1153   |   -2.08059e+07   |   77.0952
12   |   1155   |   -2.08021e+07   |   37.901
14   |   2145   |   -2.49586e+07   |   118.381
14   |   2147   |   -2.496e+07   |   129.748
16   |   2642   |   -4.62973e+07   |   219.014
16   |   2644   |   -4.62972e+07   |   86.8008
18   |   3118   |   -4.06528e+07   |   56.7322
18   |   3120   |   -4.06529e+07   |   62.0917
20   |   3388   |   -7.94325e+06   |   37.3791
20   |   3390   |   -7.94087e+06   |   157.388
22   |   3791   |   -3.09323e+07   |   200.377
22   |   3793   |   -3.09278e+07   |   163.169
24   |   3825   |   -5.56217e+06   |   289.724
24   |   3827   |   -5.56518e+06   |   283.027
26   |   5422   |   -4.62522e+07   |   30.4331
26   |   5424   |   -4.62502e+07   |   126.79
28   |   5818   |   -2.23029e+07   |   256.959
28   |   5820   |   -2.23061e+07   |   107.824
30   |   5818   |   -2.23028e+07   |   310.18
30   |   5820   |   -2.23042e+07   |   43.1682
32   |   6253   |   -1.94706e+07   |   54.4803
32   |   6255   |   -1.94688e+07   |   96.4976
34   |   6648   |   -3.49216e+07   |   293.731
34   |   6650   |   -3.49261e+07   |   102.486
36   |   7665   |   -2.66652e+07   |   227.294
36   |   7667   |   -2.66673e+07   |   102.524
38   |   8295   |   -3.66375e+07   |   331.436
38   |   8297   |   -3.66366e+07   |   149.637
40   |   8428   |   -4.29764e+07   |   225.845
40   |   8430   |   -4.29729e+07   |   102.468
42   |   8598   |   -2.61712e+07   |   285.949
42   |   8600   |   -2.6173e+07   |   95.5241
44   |   8763   |   -2.43322e+07   |   73.3824
44   |   8765   |   -2.4331e+07   |   53.9641
46   |   10006   |   -1.59246e+07   |   339.404
46   |   10008   |   -1.59269e+07   |   92.2753
48   |   10045   |   -2.08463e+06   |   76.5026
48   |   10047   |   -2.08493e+06   |   309.298
50   |   10143   |   -4.19018e+07   |   94.8616
50   |   10145   |   -4.19006e+07   |   180.467
52   |   11862   |   -4.58428e+07   |   264.708
52   |   11864   |   -4.58398e+07   |   73.1712
54   |   12028   |   -1.72845e+07   |   331.532
54   |   12030   |   -1.72841e+07   |   284.787
56   |   12612   |   -4.08395e+07   |   266.672
56   |   12614   |   -4.08442e+07   |   39.4187
58   |   12970   |   -3.65478e+07   |   67.7227
58   |   12972   |   -3.65452e+07   |   235.442
60   |   13036   |   -2.29206e+07   |   255.255
60   |   13038   |   -2.29239e+07   |   281.864
62   |   13205   |   -2.06295e+07   |   283.889
62   |   13207   |   -2.06272e+07   |   323.076
64   |   14772   |   -3.60553e+07   |   300.875
64   |   14774   |   -3.60507e+07   |   61.2573
66   |   15634   |   -7.89286e+06   |   169.936
66   |   15636   |   -7.89451e+06   |   79.1663
68   |   17990   |   -4.63633e+07   |   90.8528
68   |   17992   |   -4.63647e+07   |   234.492
70   |   17994   |   -4.32062e+07   |   232.079
70   |   17996   |   -4.32065e+07   |   157.726
72   |   19017   |   -458868   |   53.8853
72   |   19019   |   -461249   |   90.7265
74   |   20083   |   -2.1848e+07   |   67.906
74   |   20085   |   -2.18473e+07   |   142.668
76   |   20112   |   -1.82912e+07   |   186.703
76   |   20114   |   -1.82939e+07   |   176.379
78   |   20653   |   -8.80436e+06   |   265.372
78   |   20655   |   -8.80642e+06   |   199.353
80   |   20841   |   -4.35044e+07   |   141.106
80   |   20843   |   -4.3504e+07   |   92.007
82   |   21318   |   -2.79916e+07   |   201.835
82   |   21320   |   -2.79936e+07   |   72.4344
84   |   21716   |   -2.23181e+07   |   325.101
84   |   21718   |   -2.2321e+07   |   341.719
86   |   22153   |   -2.48372e+07   |   275.184
86   |   22155   |   -2.48396e+07   |   42.9476
88   |   23376   |   -3.33453e+07   |   183.919
88   |   23378   |   -3.33441e+07   |   102.034
90   |   23522   |   -4.80961e+07   |   171.397
90   |   23524   |   -4.81008e+07   |   181.644
92   |   24888   |   -4.39701e+07   |   192.184
92   |   24890   |   -4.39707e+07   |   78.3437
94   |   24979   |   -7.7584e+06   |   30.4993
94   |   24981   |   -7.75914e+06   |   191.83
96   |   25126   |   -4.43424e+07   |   270.875
96   |   25128   |   -4.43468e+07   |   197.781
98   |   25794   |   -2.78333e+07   |   100.122
98   |   25796   |   -2.78339e+07   |   101.785
100   |   26444   |   -4.77821e+06   |   154.589
100   |   26446   |   -4.77801e+06   |   266.576
102   |   26675   |   -2.08698e+07   |   273.779
102   |   26677   |   -2.08714e+07   |   122.515
104   |   26722   |   -4.75567e+07   |   54.1944
104   |   26724   |   -4.75552e+07   |   144.573
106   |   26852   |   -3.74148e+07   |   41.1058
106   |   26854   |   -3.74117e+07   |   257.427
108   |   28427   |   -3.55163e+07   |   122.202
108   |   28429   |   -3.55156e+07   |   42.3569
110   |   28863   |   -4.51337e+07   |   74.7341
110   |   28865   |   -4.51387e+07   |   336.726
112   |   30451   |   -4.78229e+07   |   267.636
112   |   30453   |   -4.78254e+07   |   55.7352
114   |   30533   |   -3.87791e+07   |   282.108
114   |   30535   |   -3.87785e+07   |   211.609
116   |   30533   |   -3.87791e+07   |   57.9442
116   |   30535   |   -3.87782e+07   |   172.159
118   |   30573   |   -2.96644e+07   |   199.598
118   |   30575   |   -2.96655e+07   |   55.7286
120   |   30906   |   -4.25712e+07   |   30.2085
120   |   30908   |   -4.2571e+07   |   323.07
122   |   30960   |   -4.75365e+07   |   211.978
122   |   30962   |   -4.75326e+07   |   239.103
124   |   31196   |   -4.78051e+07   |   213.212
124   |   31198   |   -4.78055e+07   |   64.8803
126   |   34282   |   -1.40867e+07   |   156.583
126   |   34284   |   -1.40854e+07   |   314.305
128   |   35756   |   -1.04017e+07   |   47.6897
128   |   35758   |   -1.04001e+07   |   271.691
130   |   36037   |   -2.6563e+06   |   155.171
130   |   36039   |   -2.65672e+06   |   113.593
132   |   36292   |   -2.16762e+07   |   81.7957
132   |   36294   |   -2.16792e+07   |   32.3736
134   |   36557   |   -2.67305e+07   |   156.523
134   |   36559   |   -2.67282e+07   |   76.0197
136   |   37699   |   -2.19621e+07   |   112.188
136   |   37701   |   -2.19587e+07   |   153.726
138   |   37739   |   -5.5556e+06   |   141.166
138   |   37741   |   -5.55711e+06   |   56.895
140   |   37888   |   -1.40661e+07   |   118.734
140   |   37890   |   -1.40699e+07   |   159.366
142   |   38055   |   -4.41686e+07   |   135.961
142   |   38057   |   -4.41647e+07   |   81.2186
144   |   38433   |   -1.91678e+06   |   136.216
144   |   38435   |   -1.91436e+06   |   65.5979
146   |   40423   |   -1.00603e+07   |   260.437
146   |   40425   |   -1.00627e+07   |   248.308
148   |   40744   |   -1.92716e+07   |   127.13
148   |   40746   |   -1.92691e+07   |   136.692
150   |   40967   |   -1.58466e+07   |   55.7964
150   |   40969   |   -1.58428e+07   |   290.289
152   |   41797   |   -3.48251e+07   |   198.317
152   |   41799   |   -3.4829e+07   |   274.03
154   |   42189   |   -4.35255e+07   |   37.3248
154   |   42191   |   -4.35206e+07   |   177.62
156   |   42194   |   -1.88671e+07   |   144.506
156   |   42196   |   -1.88718e+07   |   169.062
158   |   42778   |   -4.59007e+07   |   203.17
158   |   42780   |   -4.59023e+07   |   198.742
160   |   43236   |   -4.27264e+06   |   227.568
160   |   43238   |   -4.27017e+06   |   158.774
162   |   44148   |   -4.59229e+07   |   207.21
162   |   44150   |   -4.59232e+07   |   46.0515
164   |   44810   |   -1.36035e+06   |   215.691
164   |   44812   |   -1.36474e+06   |   242.921
166   |   46053   |   -1.26262e+07   |   137.888
166   |   46055   |   -1.26263e+07   |   51.7435
168   |   46216   |   -4.81552e+07   |   94.1463
168   |   46218   |   -4.81596e+07   |   75.0203
170   |   46310   |   -3.28044e+07   |   281.174
170   |   46312   |   -3.28059e+07   |   274.336
172   |   46752   |   -3.26307e+07   |   132.206
172   |   46754   |   -3.26264e+07   |   252.439
174   |   47345   |   -1.85733e+07   |   39.8429
174   |   47347   |   -1.85691e+07   |   52.1315
176   |   48307   |   -3.22277e+07   |   36.8269
176   |   48309   |   -3.22296e+07   |   336.916
178   |   48584   |   -6.1025e+06   |   252.509
178   |   48586   |   -6.10389e+06   |   300.475
180   |   48995   |   -3.77119e+07   |   99.1034
180   |   48997   |   -3.77072e+07   |   154.694
182   |   49088   |   -2.86163e+07   |   30.9168
182   |   49090   |   -2.86208e+07   |   326.637
184   |   49585   |   -2.20011e+07   |   291.73
184   |   49587   |   -2.19962e+07   |   75.7286
186   |   49937   |   -3.48801e+07   |   128.108
186   |   49939   |   -3.48784e+07   |   120.661
188   |   50378   |   -1.12805e+07   |   42.6975
188   |   50380   |   -1.1277e+07   |   247.182
190   |   50626   |   -1.21448e+06   |   120.394
190   |   50628   |   -1.21773e+06   |   321.904
192   |   51240   |   -3.05774e+07   |   77.4836
192   |   51242   |   -3.05801e+07   |   92.6217
194   |   51540   |   -8.21882e+06   |   349.72
194   |   51542   |   -8.22242e+06   |   31.7819
196   |   51872   |   -2.39619e+07   |   60.164
196   |   51874   |   -2.39601e+07   |   273.142
198   |   51973   |   -2.31133e+07   |   41.6238
198   |   51975   |   -2.31159e+07   |   87.9305
200   |   52379   |   -155727   |   57.9475
200   |   52381   |   -157424   |   46.8435
202   |   52591   |   -1.11419e+07   |   101.735
202   |   52593   |   -1.11396e+07   |   307.821
204   |   52687   |   -2.4792e+07   |   69.6176
204   |   52689   |   -2.47903e+07   |   300.846
206   |   53226   |   -3.31852e+07   |   52.0923
206   |   53228   |   -3.31872e+07   |   114.984
208   |   53361   |   -2.3338e+07   |   124.536
208   |   53363   |   -2.33414e+07   |   285.105
210   |   54627   |   -1.315e+07   |   234.057
210   |   54629   |   -1.31536e+07   |   146.104
212   |   55322   |   -1.27897e+07   |   223.026
212   |   55324   |   -1.27856e+07   |   38.9516
214   |   55697   |   -3.14674e+07   |   88.5928
214   |   55699   |   -3.14704e+07   |   316.803
216   |   56009   |   -3.36664e+07   |   93.7514
216   |   56011   |   -3.36698e+07   |   98.2831
218   |   56695   |   -2.87481e+07   |   320.549
218   |   56697   |   -2.87437e+07   |   54.2733
220   |   56991   |   -4.48164e+07   |   84.6315
220   |   56993   |   -4.48192e+07   |   94.5647
222   |   58992   |   -3.77695e+07   |   115.661
222   |   58994   |   -3.77702e+07   |   33.8001
224   |   58992   |   -3.77691e+07   |   47.0664
224   |   58994   |   -3.777e+07   |   136.861
226   |   59069   |   -6.43e+06   |   330.658
226   |   59071   |   -6.42942e+06   |   78.4614
228   |   59262   |   -1.51712e+07   |   187.482
228   |   59264   |   -1.51696e+07   |   73.0941
230   |   60624   |   -1.26748e+07   |   184.24
230   |   60626   |   -1.26711e+07   |   275.946
232   |   60807   |   -2.9405e+07   |   120.788
232   |   60809   |   -2.94046e+07   |   187.567
234   |   60807   |   -2.9401e+07   |   53.1048
234   |   60809   |   -2.94045e+07   |   249.969
236   |   62133   |   -2.79842e+07   |   182.584
236   |   62135   |   -2.79867e+07   |   89.1125
238   |   63062   |   -3.86828e+07   |   173.903
238   |   63064   |   -3.86823e+07   |   148.876
240   |   64343   |   -3.08985e+07   |   79.9479
240   |   64345   |   -3.09018e+07   |   221.179
242   |   64605   |   -842931   |   63.4744
242   |   64607   |   -838505   |   170.845
244   |   65475   |   -9.03652e+06   |   75.1623
244   |   65477   |   -9.03898e+06   |   87.4246
246   |   66342   |   -1.29224e+07   |   60.2979
246   |   66344   |   -1.29234e+07   |   73.2378
248   |   66738   |   -2.34496e+07   |   344.584
248   |   66740   |   -2.34495e+07   |   137.471
250   |   67023   |   -2.4328e+07   |   123.249
250   |   67025   |   -2.43233e+07   |   152.339
252   |   68594   |   -1.61789e+07   |   114.035
252   |   68596   |   -1.61827e+07   |   73.1225
254   |   70569   |   -1.20927e+07   |   152.199
254   |   70571   |   -1.20963e+07   |   139.893
256   |   70608   |   -4.93843e+07   |   111.57
256   |   70610   |   -4.93824e+07   |   240.008
258   |   70738   |   -1.12764e+07   |   148.677
258   |   70740   |   -1.12754e+07   |   185.031
260   |   70806   |   -1.78493e+07   |   287.128
260   |   70808   |   -1.78462e+07   |   30.1644
262   |   70989   |   -4.94104e+07   |   325.686
262   |   70991   |   -4.94096e+07   |   314.846
264   |   71092   |   -2.6306e+06   |   124.999
264   |   71094   |   -2.62849e+06   |   77.9943
266   |   72472   |   -1.15834e+07   |   122.154
266   |   72474   |   -1.15796e+07   |   129.61
268   |   73511   |   -1.78181e+07   |   137.061
268   |   73513   |   -1.78185e+07   |   184.622
270   |   73651   |   -2.19408e+07   |   142.176
270   |   73653   |   -2.19359e+07   |   45.5209
272   |   74283   |   -4.14059e+07   |   108.035
272   |   74285   |   -4.14017e+07   |   211.883
274   |   74461   |   -1.57202e+07   |   166.741
274   |   74463   |   -1.57228e+07   |   226.223
276   |   74547   |   -1.64939e+07   |   214.827
276   |   74549   |   -1.64974e+07   |   314.491
278   |   74783   |   -2.65588e+07   |   71.7129
278   |   74785   |   -2.65552e+07   |   140.171
280   |   75061   |   -1.69489e+07   |   266.121
280   |   75063   |   -1.69452e+07   |   52.0787
282   |   75139   |   -3.30294e+07   |   224.849
282   |   75141   |   -3.30312e+07   |   80.4271
284   |   75424   |   -1.11742e+07   |   131.265
284   |   75426   |   -1.11706e+07   |   93.0467
286   |   76028   |   -2.78128e+07   |   251.223
286   |   76030   |   -2.78156e+07   |   164.953
288   |   76603   |   -1.65227e+07   |   211.641
288   |   76605   |   -1.65217e+07   |   64.4119
290   |   76743   |   -4.0604e+07   |   37.5885
290   |   76745   |   -4.06051e+07   |   42.918
292   |   78438   |   -2.21433e+06   |   84.3596
292   |   78440   |   -2.21535e+06   |   146.735
294   |   78677   |   -2.59703e+07   |   198.719
294   |   78679   |   -2.59662e+07   |   88.1332
296   |   78798   |   -4.51433e+07   |   53.5659
296   |   78800   |   -4.51482e+07   |   75.9216
298   |   79277   |   -1.58605e+07   |   226.462
298   |   79279   |   -1.58577e+07   |   170.26
300   |   80319   |   -1.22207e+07   |   298.652
300   |   80321   |   -1.22222e+07   |   179.582
302   |   80876   |   -4.52615e+07   |   220.241
302   |   80878   |   -4.5262e+07   |   33.5678
304   |   80980   |   -3.67087e+07   |   112.614
304   |   80982   |   -3.67096e+07   |   67.0331
306   |   81088   |   -4.68819e+06   |   108.556
306   |   81090   |   -4.68457e+06   |   91.5524
308   |   82035   |   -3.84399e+07   |   194.219
308   |   82037   |   -3.84393e+07   |   168.707
310   |   84022   |   -4.63966e+07   |   41.0495
310   |   84024   |   -4.63937e+07   |   201.707
312   |   84392   |   -1.92364e+07   |   37.4073
312   |   84394   |   -1.92326e+07   |   38.4864
314   |   85231   |   -1.55076e+07   |   234.368
314   |   85233   |   -1.55033e+07   |   75.4001
316   |   85717   |   -3.50896e+07   |   59.6165
316   |   85719   |   -3.50891e+07   |   84.3722
318   |   85718   |   -2.15622e+07   |   165.838
318   |   85720   |   -2.15635e+07   |   259.826
320   |   86456   |   -2.43761e+07   |   60.629
320   |   86458   |   -2.43724e+07   |   251.465
322   |   86764   |   -2.33958e+07   |   99.9542
322   |   86766   |   -2.33999e+07   |   336.59
324   |   87167   |   -2.66749e+07   |   165.077
324   |   87169   |   -2.66727e+07   |   135.892
326   |   88078   |   -1.86947e+07   |   153.58
326   |   88080   |   -1.86995e+07   |   176.829
328   |   88735   |   -4.85842e+07   |   112.458
328   |   88737   |   -4.85849e+07   |   233.978
330   |   92010   |   -2.68185e+07   |   330.654
330   |   92012   |   -2.68161e+07   |   220.33
332   |   93304   |   -2.46655e+07   |   213.662
332   |   93306   |   -2.46673e+07   |   46.5923
334   |   93962   |   -3.02168e+07   |   234.11
334   |   93964   |   -3.02178e+07   |   34.105
336   |   94169   |   -2.93282e+07   |   150.529
336   |   94171   |   -2.93319e+07   |   273.481
338   |   94591   |   -2.77782e+07   |   164.072
338   |   94593   |   -2.77824e+07   |   299.199
340   |   94737   |   -3.61433e+07   |   73.1635
340   |   94739   |   -3.6139e+07   |   142.778
342   |   95141   |   -4.19303e+07   |   186.579
342   |   95143   |   -4.1929e+07   |   30.5624
344   |   95141   |   -2.76566e+07   |   226.717
344   |   95143   |   -2.7658e+07   |   73.1579
346   |   97239   |   -6.80077e+06   |   330.334
346   |   97241   |   -6.79634e+06   |   339.011
348   |   97572   |   -2.81176e+07   |   68.9495
348   |   97574   |   -2.81199e+07   |   160.781
350   |   97862   |   -3.42897e+07   |   32.9796
350   |   97864   |   -3.42859e+07   |   237.802
352   |   97977   |   -3.98083e+07   |   61.9254
352   |   97979   |   -3.98055e+07   |   37.0352
354   |   99948   |   -1.19427e+07   |   140.937
354   |   99950   |   -1.19434e+07   |   347.465
356   |   100507   |   -2.095e+06   |   286.91
356   |   100509   |   -2.09268e+06   |   78.3214
358   |   101181   |   -1.79185e+06   |   83.3228
358   |   101183   |   -1.79226e+06   |   184.954
360   |   101262   |   -4.6282e+07   |   45.9609
360   |   101264   |   -4.62785e+07   |   207.691
362   |   101967   |   -3.18194e+07   |   144.898
362   |   101969   |   -3.18201e+07   |   79.2954
364   |   102248   |   -5.72147e+06   |   289.501
364   |   102250   |   -5.726e+06   |   137.585
366   |   102287   |   -3.33494e+07   |   70.1465
366   |   102289   |   -3.33512e+07   |   246.783
368   |   104046   |   -1.547e+07   |   137.349
368   |   104048   |   -1.54694e+07   |   204.286
370   |   104310   |   -4.39561e+07   |   210.93
370   |   104312   |   -4.39556e+07   |   304.155
372   |   104598   |   -3.24418e+07   |   169.802
372   |   104600   |   -3.24428e+07   |   261.049
374   |   104889   |   -1.52382e+07   |   113.951
374   |   104891   |   -1.52345e+07   |   74.3232
376   |   105270   |   -4.2215e+07   |   38.3221
376   |   105272   |   -4.22123e+07   |   41.8437
378   |   106785   |   -1.69423e+07   |   188.392
378   |   106787   |   -1.69413e+07   |   53.5242
380   |   106882   |   -4.49708e+07   |   275.623
380   |   106884   |   -4.49695e+07   |   154.405
382   |   107507   |   -1.69069e+07   |   193.213
382   |   107509   |   -1.69111e+07   |   115.836
384   |   108434   |   -1.21773e+07   |   170.315
384   |   108436   |   -1.21749e+07   |   144.537
386   |   108511   |   -1.80139e+07   |   146.715
386   |   108513   |   -1.80147e+07   |   53.5979
388   |   109497   |   -4.92168e+07   |   181.713
388   |   109499   |   -4.92128e+07   |   137.771
390   |   109869   |   -3.44087e+07   |   310.942
390   |   109871   |   -3.44045e+07   |   186.776
392   |   109952   |   -9.14824e+06   |   173.697
392   |   109954   |   -9.14355e+06   |   54.6479
394   |   111057   |   -3.79558e+06   |   100.299
394   |   111059   |   -3.79536e+06   |   69.1644
396   |   111101   |   -4.50444e+07   |   43.345
396   |   111103   |   -4.50439e+07   |   48.9378
398   |   111256   |   -2.25392e+07   |   204.072
398   |   111258   |   -2.25371e+07   |   132.85
400   |   112657   |   -3.51676e+07   |   283.158
400   |   112659   |   -3.51715e+07   |   49.2989
402   |   112918   |   -1.73905e+07   |   264.476
402   |   112920   |   -1.73897e+07   |   284.472
404   |   113980   |   -3.97274e+07   |   103.106
404   |   113982   |   -3.97224e+07   |   201.899
406   |   117345   |   -4.29364e+07   |   153.736
406   |   117347   |   -4.29358e+07   |   126.831
408   |   118447   |   -8.1373e+06   |   83.9683
408   |   118449   |   -8.13592e+06   |   79.0014
410   |   119175   |   -1.17799e+07   |   218.801
410   |   119177   |   -1.17762e+07   |   211.759
412   |   119519   |   -7.43861e+06   |   241.332
412   |   119521   |   -7.43469e+06   |   295.44
414   |   120683   |   -4.19345e+07   |   92.1571
414   |   120685   |   -4.19348e+07   |   227.615
416   |   121183   |   -3.24923e+07   |   87.4042
416   |   121185   |   -3.24877e+07   |   81.4445
418   |   121365   |   -8.72546e+06   |   59.2534
418   |   121367   |   -8.72397e+06   |   341.682
420   |   121618   |   -4.14004e+07   |   89.6933
420   |   121620   |   -4.14042e+07   |   213.377
422   |   122636   |   -4.65072e+07   |   221.869
422   |   122638   |   -4.65105e+07   |   33.9267
424   |   123181   |   -3.64973e+07   |   161.709
424   |   123183   |   -3.64989e+07   |   302.952
426   |   123212   |   -1.1868e+07   |   293.334
426   |   123214   |   -1.18632e+07   |   61.8244
428   |   123380   |   -1.01606e+07   |   113.853
428   |   123382   |   -1.01603e+07   |   97.9047
430   |   123479   |   -2.53077e+06   |   191
430   |   123481   |   -2.53032e+06   |   123.33
432   |   123723   |   -1.34773e+07   |   332.213
432   |   123725   |   -1.34796e+07   |   222.25
434   |   125093   |   -7.56638e+06   |   330.426
434   |   125095   |   -7.5655e+06   |   72.3986
436   |   125120   |   -4.16064e+07   |   138.02
436   |   125122   |   -4.16084e+07   |   207.853
438   |   126294   |   -1.18057e+07   |   223.002
438   |   126296   |   -1.18008e+07   |   139.999
440   |   126826   |   -4.82161e+07   |   154.316
440   |   126828   |   -4.82125e+07   |   226.523
442   |   127175   |   -2.58674e+07   |   77.2483
442   |   127177   |   -2.58707e+07   |   44.8867
444   |   128957   |   -2.55938e+07   |   82.0534
444   |   128959   |   -2.5592e+07   |   171.536
446   |   129950   |   -4.98353e+07   |   57.7922
446   |   129952   |   -4.98317e+07   |   190.29
448   |   130459   |   -9.36363e+06   |   270.248
448   |   130461   |   -9.36838e+06   |   179.265
450   |   131528   |   -2.6958e+07   |   191.9
450   |   131530   |   -2.69587e+07   |   272.481
452   |   132218   |   -4.26911e+07   |   205.08
452   |   132220   |   -4.26879e+07   |   32.007
454   |   132322   |   -4.11981e+07   |   41.1725
454   |   132324   |   -4.11988e+07   |   195.701
456   |   132758   |   -6.74584e+06   |   48.9312
456   |   132760   |   -6.74808e+06   |   246.145
458   |   134098   |   -1.72695e+07   |   269.632
458   |   134100   |   -1.72657e+07   |   175.989
460   |   134934   |   -2.80534e+07   |   244.115
460   |   134936   |   -2.80496e+07   |   103.962
462   |   135438   |   -3.36641e+07   |   45.8736
462   |   135440   |   -3.36645e+07   |   133.13
464   |   135819   |   -9.86633e+06   |   180.109
464   |   135821   |   -9.86869e+06   |   79.4224
466   |   136073   |   -676202   |   110.474
466   |   136075   |   -678691   |   96.4629
468   |   136121   |   -8.89638e+06   |   194.612
468   |   136123   |   -8.89637e+06   |   82.2675
470   |   136730   |   -5.90323e+06   |   110.949
470   |   136732   |   -5.90058e+06   |   312.131
472   |   137028   |   -4.51292e+07   |   62.5984
472   |   137030   |   -4.51303e+07   |   96.3386
474   |   137506   |   -3.3673e+07   |   190.262
474   |   137508   |   -3.36682e+07   |   342.921
476   |   137817   |   -3.10089e+07   |   30.1916
476   |   137819   |   -3.10116e+07   |   209.381
478   |   138881   |   -3.95728e+07   |   153.666
478   |   138883   |   -3.95776e+07   |   104.315
480   |   139208   |   -1.45047e+07   |   238.351
480   |   139210   |   -1.45057e+07   |   304.714
482   |   140476   |   -2.58631e+07   |   166.253
482   |   140478   |   -2.58597e+07   |   189.046
484   |   140685   |   -2.80327e+07   |   349.037
484   |   140687   |   -2.80291e+07   |   294.343
486   |   141770   |   -2.05483e+07   |   168.304
486   |   141772   |   -2.05487e+07   |   41.7265
488   |   141784   |   -3.86777e+07   |   125.729
488   |   141786   |   -3.86735e+07   |   269.498
490   |   142454   |   -3.64373e+07   |   85.0572
490   |   142456   |   -3.64333e+07   |   148.556
492   |   142898   |   -1.8911e+07   |   225.169
492   |   142900   |   -1.891e+07   |   115.59
494   |   144111   |   -2.74505e+07   |   55.3714
494   |   144113   |   -2.74549e+07   |   122.422
496   |   144111   |   -2.74501e+07   |   90.2913
496   |   144113   |   -2.74536e+07   |   32.2681
498   |   144425   |   -2.38914e+07   |   340.06
498   |   144427   |   -2.38891e+07   |   36.136
500   |   144779   |   -1.64675e+07   |   130.384
500   |   144781   |   -1.64664e+07   |   30.4864
502   |   144830   |   -1.38155e+07   |   104.791
502   |   144832   |   -1.38186e+07   |   291.221
504   |   146719   |   -3.93913e+07   |   244.532
504   |   146721   |   -3.93895e+07   |   215.475
506   |   146733   |   -1.9812e+07   |   86.8896
506   |   146735   |   -1.98139e+07   |   39.8222
508   |   147063   |   -3.44703e+07   |   87.3954
508   |   147065   |   -3.44711e+07   |   71.2184
510   |   147113   |   -4.86023e+07   |   75.267
510   |   147115   |   -4.85998e+07   |   274.948
512   |   147340   |   -3.26305e+07   |   260.559
512   |   147342   |   -3.26259e+07   |   78.5009
514   |   147340   |   -1.67113e+07   |   129.209
514   |   147342   |   -1.67151e+07   |   320.223
516   |   148173   |   -1.96487e+07   |   72.2767
516   |   148175   |   -1.96445e+07   |   278.741
518   |   149101   |   -4.43807e+07   |   47.9564
518   |   149103   |   -4.43814e+07   |   123.862
520   |   149286   |   -1.71143e+07   |   199.52
520   |   149288   |   -1.71141e+07   |   293.019
522   |   149538   |   -292361   |   39.4723
522   |   149540   |   -293053   |   90.4309
524   |   150127   |   -3.26963e+07   |   30.1145
524   |   150129   |   -3.26934e+07   |   344.968
526   |   151113   |   -1.89759e+07   |   32.6333
526   |   151115   |   -1.89795e+07   |   154.559
528   |   153049   |   -3.37628e+07   |   131.864
528   |   153051   |   -3.37643e+07   |   156.003
530   |   154818   |   -4.56608e+07   |   265.725
530   |   154820   |   -4.56581e+07   |   90.9206
532   |   154826   |   -3.18164e+06   |   196.496
532   |   154828   |   -3.17737e+06   |   265.05
534   |   154881   |   -1.1585e+07   |   281.349
534   |   154883   |   -1.15873e+07   |   89.8327
536   |   155547   |   -8.80256e+06   |   44.7488
536   |   155549   |   -8.80039e+06   |   146.669
538   |   156942   |   -3.08558e+07   |   57.3038
538   |   156944   |   -3.08567e+07   |   312.396
540   |   157004   |   -1.22337e+07   |   35.0289
540   |   157006   |   -1.22326e+07   |   196.824
542   |   157469   |   -2.95419e+07   |   87.456
542   |   157471   |   -2.95422e+07   |   267.561
544   |   157505   |   -2.47891e+07   |   69.3509
544   |   157507   |   -2.47846e+07   |   33.27
546   |   158162   |   -1.47877e+07   |   308.474
546   |   158164   |   -1.47907e+07   |   201.913
548   |   158491   |   -3.79908e+06   |   305.44
548   |   158493   |   -3.79674e+06   |   36.7146
550   |   158617   |   -1.90609e+07   |   61.8597
550   |   158619   |   -1.90612e+07   |   110.328
552   |   159197   |   -3.36915e+07   |   88.7985
552   |   159199   |   -3.36922e+07   |   50.3784
554   |   159754   |   -1.27778e+07   |   207.615
554   |   159756   |   -1.27817e+07   |   94.6733
556   |   159792   |   -1.4338e+07   |   135.775
556   |   159794   |   -1.43332e+07   |   322.991
558   |   159802   |   -3.66397e+06   |   324.234
558   |   159804   |   -3.66834e+06   |   91.9439
560   |   160676   |   -3.97336e+07   |   315.361
560   |   160678   |   -3.97309e+07   |   305.384
562   |   160684   |   -3.3608e+07   |   321.56
562   |   160686   |   -3.36082e+07   |   306.113
564   |   160903   |   -3.0219e+07   |   69.4236
564   |   160905   |   -3.02234e+07   |   63.3603
566   |   161316   |   -1.27006e+07   |   193.926
566   |   161318   |   -1.27039e+07   |   52.6477
568   |   162447   |   -9.55515e+06   |   41.519
568   |   162449   |   -9.55018e+06   |   111.76
570   |   165341   |   -2.97315e+07   |   90.3107
570   |   165343   |   -2.9736e+07   |   33.1886
572   |   166166   |   -1.63259e+07   |   118.314
572   |   166168   |   -1.6328e+07   |   55.2438
574   |   166171   |   -1.33301e+07   |   65.1044
574   |   166173   |   -1.33266e+07   |   87.9679
576   |   167127   |   -4.7934e+07   |   45.0947
576   |   167129   |   -4.79375e+07   |   225.912
578   |   167209   |   -3.60852e+07   |   73.5223
578   |   167211   |   -3.60877e+07   |   280.886
580   |   168285   |   -3.2661e+07   |   349.656
580   |   168287   |   -3.26615e+07   |   149.403
582   |   168285   |   -3.26589e+07   |   42.9836
582   |   168287   |   -3.2661e+07   |   199.984
584   |   169905   |   -4.20177e+07   |   297.863
584   |   169907   |   -4.20188e+07   |   125.777
586   |   170169   |   -4.02955e+07   |   122.822
586   |   170171   |   -4.02956e+07   |   93.902
588   |   171378   |   -1.77187e+06   |   207.575
588   |   171380   |   -1.77176e+06   |   81.1361
590   |   171404   |   -4.15641e+07   |   236.199
590   |   171406   |   -4.156e+07   |   88.1455
592   |   172137   |   -6.73116e+06   |   189.598
592   |   172139   |   -6.73304e+06   |   130.119
594   |   172424   |   -1.1161e+07   |   45.4711
594   |   172426   |   -1.11591e+07   |   175.575
596   |   172517   |   -4.16778e+07   |   46.3916
596   |   172519   |   -4.16745e+07   |   182.485
598   |   174413   |   -4.63597e+07   |   312.012
598   |   174415   |   -4.63561e+07   |   267.91
600   |   174466   |   -221745   |   170.823
600   |   174468   |   -219688   |   329.192
602   |   174478   |   -1.39956e+07   |   235.187
602   |   174480   |   -1.39942e+07   |   120.154
604   |   175100   |   -879903   |   43.6433
604   |   175102   |   -877411   |   143.508
606   |   175122   |   -3.66546e+07   |   158.298
606   |   175124   |   -3.66538e+07   |   225.161
608   |   175419   |   -2.04579e+07   |   132.836
608   |   175421   |   -2.0457e+07   |   180.239
610   |   176899   |   -1.17974e+07   |   91.4856
610   |   176901   |   -1.17939e+07   |   95.7596
612   |   177375   |   -5.90477e+06   |   236.56
612   |   177377   |   -5.90567e+06   |   47.5922
614   |   179880   |   -1.16455e+07   |   200.367
614   |   179882   |   -1.16451e+07   |   291.906
616   |   181803   |   -1.0255e+07   |   96.1172
616   |   181805   |   -1.02547e+07   |   43.959
618   |   182454   |   -8.19526e+06   |   141.522
618   |   182456   |   -8.19747e+06   |   349.177
620   |   182944   |   -3.82346e+07   |   202.274
620   |   182946   |   -3.82375e+07   |   92.1679
622   |   182964   |   -2.88303e+07   |   289.867
622   |   182966   |   -2.88286e+07   |   345.558
624   |   183590   |   -3.56343e+07   |   262.255
624   |   183592   |   -3.56362e+07   |   213.337
626   |   183764   |   -2.08707e+07   |   313.425
626   |   183766   |   -2.0866e+07   |   116.285
628   |   186214   |   -1.78752e+07   |   208.836
628   |   186216   |   -1.78741e+07   |   84.5667
630   |   186544   |   -1.51376e+07   |   226.676
630   |   186546   |   -1.51383e+07   |   61.8527
632   |   186689   |   -4.79057e+07   |   259.456
632   |   186691   |   -4.79056e+07   |   125.699
634   |   187814   |   -4.14147e+07   |   303.943
634   |   187816   |   -4.14171e+07   |   110.79
636   |   190243   |   -1.78544e+07   |   124.955
636   |   190245   |   -1.78594e+07   |   274.622
638   |   190407   |   -2.14305e+07   |   103.163
638   |   190409   |   -2.14341e+07   |   109.046
640   |   191850   |   -3.50528e+07   |   42.9775
640   |   191852   |   -3.50512e+07   |   249.839
642   |   192847   |   -3.70159e+07   |   232.52
642   |   192849   |   -3.70196e+07   |   213.87
644   |   193683   |   -3.74672e+07   |   79.3067
644   |   193685   |   -3.74691e+07   |   51.8936
646   |   194852   |   -4.43051e+07   |   144.926
646   |   194854   |   -4.43002e+07   |   132.246
648   |   196213   |   -8.27264e+06   |   128.642
648   |   196215   |   -8.27243e+06   |   214.239
650   |   196772   |   -1.68272e+07   |   314.44
650   |   196774   |   -1.68286e+07   |   147.135
652   |   197419   |   -4.9259e+07   |   77.7732
652   |   197421   |   -4.92559e+07   |   36.3248
654   |   197694   |   -1.46065e+06   |   236.52
654   |   197696   |   -1.45884e+06   |   260.665
656   |   197763   |   -2.22112e+07   |   97.8156
656   |   197765   |   -2.22125e+07   |   86.7515
658   |   198104   |   -1.90378e+07   |   95.7771
658   |   198106   |   -1.90372e+07   |   190.223
660   |   198273   |   -1.35673e+07   |   83.0143
660   |   198275   |   -1.3572e+07   |   112.739
662   |   198944   |   -956096   |   118.91
662   |   198946   |   -954511   |   65.1489
664   |   198977   |   -3.04165e+07   |   344.387
664   |   198979   |   -3.04191e+07   |   233.245
666   |   199405   |   -2.59506e+07   |   149.991
666   |   199407   |   -2.59476e+07   |   338.756
668   |   200597   |   -1.6423e+07   |   165.846
668   |   200599   |   -1.64187e+07   |   57.2655
670   |   201155   |   -3.15063e+07   |   313.897
670   |   201157   |   -3.15021e+07   |   160.524
672   |   201244   |   -2.65095e+07   |   52.6562
672   |   201246   |   -2.65108e+07   |   43.004
674   |   202201   |   -1.77395e+07   |   78.2336
674   |   202203   |   -1.77443e+07   |   232.986
676   |   205507   |   -4.55994e+07   |   75.6818
676   |   205509   |   -4.5598e+07   |   193.15
678   |   205890   |   -4.97056e+07   |   127.846
678   |   205892   |   -4.97052e+07   |   137.756
680   |   206018   |   -3.25772e+06   |   152.071
680   |   206020   |   -3.25768e+06   |   61.5692
682   |   206027   |   -1.92697e+07   |   336.509
682   |   206029   |   -1.92671e+07   |   57.1454
684   |   207800   |   -4.75878e+07   |   48.7627
684   |   207802   |   -4.75853e+07   |   308.177
686   |   208096   |   -4.90187e+07   |   102.413
686   |   208098   |   -4.90163e+07   |   86.0586
688   |   209038   |   -2.8069e+06   |   54.0684
688   |   209040   |   -2.80616e+06   |   163.734
690   |   209798   |   -3.59454e+07   |   213.604
690   |   209800   |   -3.59464e+07   |   220.686
692   |   210161   |   -4.95669e+07   |   230.719
692   |   210163   |   -4.95694e+07   |   199.61
694   |   210191   |   -2.27875e+07   |   258.608
694   |   210193   |   -2.27844e+07   |   170.095
696   |   210861   |   -2.00726e+06   |   293.289
696   |   210863   |   -2.01042e+06   |   188.46
698   |   211774   |   -3.17583e+07   |   113.073
698   |   211776   |   -3.17551e+07   |   146.381
700   |   211984   |   -2.42531e+07   |   264.191
700   |   211986   |   -2.42536e+07   |   116.723
702   |   212763   |   -3.72385e+07   |   179.665
702   |   212765   |   -3.72409e+07   |   104.705
704   |   212961   |   -1.21516e+07   |   149.74
704   |   212963   |   -1.21512e+07   |   249.85
706   |   213450   |   -3.97122e+07   |   132.39
706   |   213452   |   -3.971e+07   |   83.6866
708   |   213491   |   -4.59093e+07   |   210.566
708   |   213493   |   -4.59078e+07   |   52.6992
710   |   213772   |   -3.93862e+07   |   118.215
710   |   213774   |   -3.93874e+07   |   135.948
712   |   214240   |   -3.37466e+07   |   242.504
712   |   214242   |   -3.3748e+07   |   173.169
714   |   216215   |   -7.75215e+06   |   228.843
714   |   216217   |   -7.75169e+06   |   45.8388
716   |   216235   |   -2.91453e+07   |   265.254
716   |   216237   |   -2.91479e+07   |   94.2646
718   |   216362   |   -3.62334e+07   |   270.839
718   |   216364   |   -3.62339e+07   |   292.34
720   |   217298   |   -3.49826e+07   |   113.142
720   |   217300   |   -3.49818e+07   |   197.949
722   |   217311   |   -1.88268e+07   |   47.8381
722   |   217313   |   -1.88219e+07   |   213.816
724   |   218372   |   -2.7426e+07   |   135.166
724   |   218374   |   -2.74248e+07   |   249.148
726   |   218477   |   -5.03186e+06   |   345.352
726   |   218479   |   -5.0362e+06   |   107.013
728   |   218573   |   -2.71333e+07   |   55.5298
728   |   218575   |   -2.71373e+07   |   271.944
730   |   218706   |   -7.93662e+06   |   176.07
730   |   218708   |   -7.94012e+06   |   93.2621
732   |   218966   |   -3.99281e+07   |   70.668
732   |   218968   |   -3.9925e+07   |   291.065
734   |   219325   |   -680925   |   252.114
734   |   219327   |   -683142   |   227.495
736   |   219634   |   -2.70125e+07   |   92.0988
736   |   219636   |   -2.70132e+07   |   90.2092
738   |   219742   |   -3.75148e+07   |   260.45
738   |   219744   |   -3.75188e+07   |   156.05
740   |   219826   |   -2.18654e+07   |   301.085
740   |   219828   |   -2.18619e+07   |   152.255
742   |   220112   |   -404035   |   233.491
742   |   220114   |   -400426   |   100.29
744   |   221743   |   -3.42839e+07   |   177.331
744   |   221745   |   -3.42843e+07   |   188.252
746   |   221875   |   -2.76458e+07   |   49.5386
746   |   221877   |   -2.76458e+07   |   72.4198
748   |   222871   |   -9.35409e+06   |   61.2152
748   |   222873   |   -9.35135e+06   |   119.738
750   |   223543   |   -1.26828e+07   |   40.2146
750   |   223545   |   -1.26822e+07   |   215.876
752   |   223600   |   -2.89551e+06   |   183.482
752   |   223602   |   -2.89353e+06   |   75.8557
754   |   223891   |   -4.05124e+07   |   262.77
754   |   223893   |   -4.0509e+07   |   263.146
756   |   224370   |   -5.12455e+06   |   93.896
756   |   224372   |   -5.12944e+06   |   323.575
758   |   224520   |   -2.90269e+07   |   239.939
758   |   224522   |   -2.90303e+07   |   52.8347
760   |   225714   |   -4.95222e+07   |   36.1297
760   |   225716   |   -4.95224e+07   |   273.988
762   |   226298   |   -3.13918e+07   |   169.667
762   |   226300   |   -3.13945e+07   |   54.5297
764   |   226371   |   -1.91959e+07   |   161.423
764   |   226373   |   -1.91975e+07   |   88.2161
766   |   226940   |   -4.0018e+07   |   74.1718
766   |   226942   |   -4.00164e+07   |   111.95
768   |   227524   |   -2.62106e+07   |   93.6931
768   |   227526   |   -2.62154e+07   |   36.8073
770   |   228590   |   -4.26112e+06   |   332.475
770   |   228592   |   -4.2581e+06   |   108.393
772   |   231323   |   -2.11307e+07   |   267.925
772   |   231325   |   -2.11319e+07   |   338.273
774   |   232608   |   -1.92834e+07   |   129.735
774   |   232610   |   -1.92832e+07   |   136.096
776   |   234825   |   -2.06301e+07   |   219.098
776   |   234827   |   -2.06255e+07   |   177.183
778   |   234845   |   -3.81839e+07   |   220.457
778   |   234847   |   -3.81884e+07   |   39.877
780   |   235119   |   -4.93149e+07   |   180.2
780   |   235121   |   -4.93103e+07   |   323.56
782   |   235892   |   -1.30722e+07   |   50.2611
782   |   235894   |   -1.30682e+07   |   85.8374
784   |   236386   |   -3.34875e+07   |   52.5637
784   |   236388   |   -3.34834e+07   |   313.316
786   |   236459   |   -3.67316e+07   |   35.1068
786   |   236461   |   -3.67331e+07   |   221.315
788   |   236908   |   -9.68891e+06   |   92.6588
788   |   236910   |   -9.69167e+06   |   52.5092
790   |   237525   |   -1.75811e+07   |   62.6393
790   |   237527   |   -1.75778e+07   |   80.7811
792   |   238112   |   -8.45018e+06   |   79.5939
792   |   238114   |   -8.45295e+06   |   321.781
794   |   240719   |   -1.38918e+07   |   88.1105
794   |   240721   |   -1.38924e+07   |   286.766
796   |   240821   |   -4.84026e+07   |   132.411
796   |   240823   |   -4.84016e+07   |   64.574
798   |   240937   |   -2.12647e+07   |   178.874
798   |   240939   |   -2.12668e+07   |   95.4432
800   |   240956   |   -3.63732e+07   |   186.691
800   |   240958   |   -3.63768e+07   |   293.682
802   |   241018   |   -2.38385e+07   |   194.183
802   |   241020   |   -2.38433e+07   |   144.977
804   |   242614   |   -4.55013e+07   |   230.192
804   |   242616   |   -4.55055e+07   |   46.0883
806   |   244206   |   -4.4014e+07   |   212.889
806   |   244208   |   -4.40176e+07   |   48.9852
808   |   244308   |   -1.71991e+07   |   177.361
808   |   244310   |   -1.71989e+07   |   125.492
810   |   245162   |   -2.32817e+07   |   77.3535
810   |   245164   |   -2.32847e+07   |   115.872
812   |   246376   |   -4.40059e+07   |   232.73
812   |   246378   |   -4.40029e+07   |   205.422
814   |   246393   |   -3.8321e+07   |   53.2433
814   |   246395   |   -3.83209e+07   |   208.779
816   |   247472   |   -1.30864e+07   |   54.3217
816   |   247474   |   -1.30883e+07   |   153.646
818   |   247558   |   -1.04629e+07   |   174.542
818   |   247560   |   -1.04615e+07   |   56.3497
820   |   247856   |   -4.00316e+06   |   252.652
820   |   247858   |   -4.00053e+06   |   55.6133
822   |   250474   |   -3.83763e+07   |   116.176
822   |   250476   |   -3.83726e+07   |   90.5337
824   |   250599   |   -4.66493e+07   |   232.761
824   |   250601   |   -4.66498e+07   |   152.352
826   |   250643   |   -4.47293e+07   |   189.784
826   |   250645   |   -4.47318e+07   |   226.126
828   |   251239   |   -1.87544e+07   |   56.4384
828   |   251241   |   -1.87525e+07   |   223.218
830   |   251295   |   -4.66657e+06   |   62.6076
830   |   251297   |   -4.66743e+06   |   47.8707
832   |   251694   |   -3.73397e+07   |   338.327
832   |   251696   |   -3.73399e+07   |   32.9781
834   |   251737   |   -4.62106e+07   |   290.787
834   |   251739   |   -4.62058e+07   |   167.624
836   |   251843   |   -4.78937e+07   |   168.212
836   |   251845   |   -4.78903e+07   |   157.851
838   |   252588   |   -3.3712e+07   |   150.475
838   |   252590   |   -3.37118e+07   |   274.408
840   |   252780   |   -1.36725e+07   |   261.513
840   |   252782   |   -1.3677e+07   |   67.6744
842   |   252808   |   -3.83715e+07   |   164.385
842   |   252810   |   -3.83764e+07   |   52.5719
844   |   253211   |   -3.25529e+07   |   93.055
844   |   253213   |   -3.25567e+07   |   265.674
846   |   253575   |   -1.40292e+07   |   303.49
846   |   253577   |   -1.40261e+07   |   77.7665
848   |   254377   |   -3.95327e+07   |   295.981
848   |   254379   |   -3.95279e+07   |   314.946
850   |   256663   |   -4.43627e+07   |   78.4192
850   |   256665   |   -4.43586e+07   |   288.266
852   |   258906   |   -3.00938e+06   |   228.767
852   |   258908   |   -3.00681e+06   |   52.1032
854   |   260088   |   -7.61265e+06   |   108.802
854   |   260090   |   -7.61228e+06   |   44.6671
856   |   260416   |   -4.17104e+06   |   280.453
856   |   260418   |   -4.16851e+06   |   328.927
858   |   260528   |   -3.2875e+07   |   174.751
858   |   260530   |   -3.2871e+07   |   110.961
860   |   260663   |   -1.21624e+07   |   205.368
860   |   260665   |   -1.216e+07   |   344.007
862   |   261084   |   -4.5064e+07   |   313.202
862   |   261086   |   -4.50595e+07   |   185.771
864   |   262083   |   -4.0835e+07   |   58.4356
864   |   262085   |   -4.08334e+07   |   76.9355
866   |   262620   |   -2.10859e+07   |   118.508
866   |   262622   |   -2.10897e+07   |   103.869
868   |   263720   |   -3.96726e+07   |   267.145
868   |   263722   |   -3.96683e+07   |   210.466
870   |   264095   |   -608307   |   300.696
870   |   264097   |   -609371   |   123.526
872   |   268869   |   -1.18526e+07   |   66.3919
872   |   268871   |   -1.18559e+07   |   214.396
874   |   268980   |   -3.56268e+07   |   88.4353
874   |   268982   |   -3.56291e+07   |   109.946
876   |   269203   |   -3.23868e+07   |   33.7657
876   |   269205   |   -3.23912e+07   |   326.977
878   |   269667   |   -3.94089e+07   |   37.5207
878   |   269669   |   -3.94102e+07   |   93.0643
880   |   269980   |   -1.4075e+07   |   331.258
880   |   269982   |   -1.40733e+07   |   97.9098
882   |   270618   |   -3.49149e+07   |   47.6606
882   |   270620   |   -3.4914e+07   |   266.24
884   |   270932   |   -3.63415e+07   |   90.9308
884   |   270934   |   -3.6344e+07   |   329.371
886   |   272388   |   -2.54189e+07   |   51.8243
886   |   272390   |   -2.54165e+07   |   237.224
888   |   272489   |   -2.17377e+07   |   144.685
888   |   272491   |   -2.17365e+07   |   315.142
890   |   272815   |   -6.33626e+06   |   314.192
890   |   272817   |   -6.33189e+06   |   44.8244
892   |   272853   |   -2.43095e+07   |   218.891
892   |   272855   |   -2.43116e+07   |   237.985
894   |   273308   |   -3.88525e+07   |   246.519
894   |   273310   |   -3.88517e+07   |   225.622
